c1 70 70 81 
wakeup trackball
89 -127 c1 -127 89
0 0 09 0 0
0 0 09 0 0
0 0 09 0 0
0 0 09 0 0
59 -91 c1 -91 59
15 -28 c1 -28 15
0 0 09 0 0
0 0 09 0 0
0 0 01 0 0
21 -60 c1 -60 21
0 0 09 0 0
0 0 09 0 0
0 0 09 0 0
0 0 09 0 0
0 0 09 0 0
0 0 09 0 0
0 0 09 0 0
0 0 09 0 0
0 0 09 0 0
0 0 09 0 0
0 0 09 0 0
0 0 09 0 0
0 0 09 0 0
0 0 09 0 0
0 0 09 0 0
0 0 09 0 0
0 0 09 0 0
0 0 09 0 0
0 0 09 0 0
0 0 09 0 0
0 0 09 0 0
0 0 09 0 0
0 0 09 0 0
0 0 09 0 0
0 0 09 0 0
0 0 09 0 0
0 0 09 0 0
0 0 09 0 0
0 0 09 0 0
0 0 09 0 0
0 0 09 0 0
0 0 09 0 0
0 0 09 0 0
0 0 09 0 0
0 0 09 0 0
0 0 09 0 0
0 0 09 0 0
0 0 09 0 0
0 0 09 0 0
0 0 09 0 0
0 0 09 0 0
0 0 09 0 0
0 0 09 0 0
0 0 09 0 0
0 0 09 0 0
0 0 09 0 0
0 0 09 0 0
0 0 09 0 0
09 86 70 70 81 
sleep trackball
