0 0 09 0 0
0 0 09 0 0
0 0 09 0 0
0 0 09 0 0
0 0 09 0 0
0 0 09 0 0
0 0 09 0 0
0 0 09 0 0
0 0 41 0 0
0 1 81 1 0
0 0 41 0 0
1 -4 81 -4 1
4 -9 c1 -9 4
11 -16 c1 -16 11
18 -23 81 -23 18
26 -30 c1 -30 26
36 -33 c1 -33 36
40 -39 c1 -39 40
55 -40 c1 -40 55
71 -43 c1 -43 71
66 -41 c1 -41 66
38 -45 c1 -45 38
15 -54 c1 -54 15
2 -44 c1 -44 2
0 -45 c1 -45 0
0 -37 81 -37 0
0 -23 c1 -23 0
0 -14 81 -14 0
0 -3 81 -3 0
0 0 01 0 0
0 0 09 0 0
0 0 09 0 0
0 0 09 0 0
0 0 09 0 0
0 0 09 0 0
0 0 09 0 0
0 0 09 0 0
0 0 09 0 0
0 0 01 0 0
0 -2 81 -2 0
0 -9 c1 -9 0
2 -25 81 -25 2
18 -33 c1 -33 18
27 -40 c1 -40 27
41 -54 c1 -54 41
55 -60 c1 -60 55
52 -62 c1 -62 52
54 -61 c1 -61 54
48 -56 c1 -56 48
38 -50 c1 -50 38
30 -41 c1 -41 30
20 -27 c1 -27 20
16 -23 c1 -23 16
8 -10 81 -10 8
0 -3 81 -3 0
0 0 01 0 0
0 0 09 0 0
0 0 09 0 0
0 0 09 0 0
0 0 09 0 0
0 0 09 0 0
0 0 09 0 0
0 0 09 0 0
0 0 09 0 0
