wakeup trackball
-1 6 c1 6 -1
-9 11 c1 11 -9
-44 26 81 26 -44
-61 63 c1 63 -61
-48 69 c1 69 -48
-36 69 c1 69 -36
-35 62 c1 62 -35
-29 54 c1 54 -29
-24 39 c1 39 -24
-21 36 c1 36 -21
-21 28 c1 28 -21
-19 23 c1 23 -19
-11 15 81 15 -11
-6 7 81 7 -6
0 0 41 0 0
0 0 09 0 0
0 0 09 0 0
0 0 09 0 0
0 0 09 0 0
0 0 09 0 0
0 -2 c1 -2 0
-1 -1 81 -1 -1
0 0 01 0 0
-38 11 c1 11 -38
-75 42 c1 42 -75
-70 68 c1 68 -70
-56 77 c1 77 -56
-51 74 c1 74 -51
-39 63 c1 63 -39
-35 58 c1 58 -35
-29 51 c1 51 -29
-25 43 81 43 -25
-21 34 c1 34 -21
-19 29 c1 29 -19
-14 19 81 19 -14
-13 13 c1 13 -13
-10 11 81 11 -10
-6 7 81 7 -6
-3 3 81 3 -3
0 0 09 0 0
0 0 09 0 0
0 0 09 0 0
0 0 09 0 0
0 0 09 0 0
0 0 09 0 0
0 0 09 0 0
0 0 09 0 0
0 0 09 0 0
0 0 09 0 0
0 0 09 0 0
