0 0 09 0 0
0 0 09 0 0
0 0 09 0 0
0 0 09 0 0
0 0 09 0 0
0 0 09 0 0
0 0 09 0 0
0 0 09 0 0
0 0 09 0 0
5 1 c1 1 5
60 7 c1 7 60
103 22 c1 22 103
118 28 c1 28 118
104 30 c1 30 104
90 31 c1 31 90
70 30 c1 30 70
51 37 c1 37 51
40 33 c1 33 40
31 31 c1 31 31
25 25 81 25 25
17 17 c1 17 17
12 10 c1 10 12
4 4 81 4 4
0 0 01 0 0
0 0 09 0 0
0 0 09 0 0
0 0 09 0 0
9 2 c1 2 9
126 48 c1 48 126
124 94 c1 94 124
109 100 c1 100 109
94 97 c1 97 94
86 96 c1 96 86
86 89 c1 89 86
82 78 c1 78 82
68 72 c1 72 68
67 59 c1 59 67
62 58 c1 58 62
58 53 c1 53 58
48 47 c1 47 48
44 42 c1 42 44
34 33 c1 33 34
29 28 c1 28 29
24 20 c1 20 24
22 18 c1 18 22
12 14 81 14 12
7 7 c1 7 7
1 3 81 3 1
0 -1 81 -1 0
0 0 09 0 0
0 0 09 0 0
0 0 09 0 0
0 0 09 0 0
0 0 09 0 0
0 0 09 0 0
0 0 09 0 0
0 0 09 0 0
0 0 09 0 0
