-71 -30 c1 -30 -71
-115 -33 c1 -33 -115
-95 -27 c1 -27 -95
-82 -31 c1 -31 -82
-54 -25 c1 -25 -54
-42 -29 c1 -29 -42
-29 -28 c1 -28 -29
-23 -27 c1 -27 -23
-12 -17 c1 -17 -12
-3 -11 c1 -11 -3
0 -4 81 -4 0
0 0 01 0 0
0 0 09 0 0
0 0 09 0 0
0 0 09 0 0
0 0 09 0 0
0 0 09 0 0
-36 -34 c1 -34 -36
-86 -69 c1 -69 -86
-118 -52 c1 -52 -118
-95 -32 c1 -32 -95
-82 -27 c1 -27 -82
-65 -29 c1 -29 -65
-51 -30 81 -30 -51
-41 -31 81 -31 -41
-24 -28 c1 -28 -24
-16 -24 81 -24 -16
-12 -15 c1 -15 -12
-6 -7 81 -7 -6
0 0 09 0 0
0 0 09 0 0
0 0 09 0 0
0 0 09 0 0